# 粒子の直径リスト [m]
# 分布: lognormal (mean=0.001, std=0.0001, ratio=0.5)
# 粒子数: 3000
# 注意: 直径で指定（プログラム内で半径に変換）

1.682142e-03
2.010336e-03
2.111829e-03
1.619866e-03
2.131748e-03
1.724576e-03
2.335223e-03
2.034206e-03
1.592131e-03
1.732358e-03
1.980917e-03
1.832544e-03
1.943946e-03
1.840512e-03
2.013854e-03
2.142116e-03
1.980607e-03
1.837216e-03
1.660571e-03
2.217443e-03
1.823714e-03
2.109023e-03
2.275344e-03
1.944119e-03
1.784381e-03
2.000428e-03
1.777666e-03
1.848974e-03
2.281906e-03
1.974349e-03
1.983822e-03
2.213887e-03
2.287484e-03
1.754122e-03
1.946412e-03
1.833796e-03
1.852497e-03
1.925302e-03
2.082284e-03
2.179045e-03
1.830894e-03
2.113956e-03
2.026005e-03
2.006848e-03
2.536894e-03
1.794709e-03
2.270281e-03
2.539942e-03
1.933707e-03
2.132272e-03
1.915875e-03
1.772312e-03
1.790319e-03
2.172590e-03
1.975792e-03
1.776782e-03
1.962635e-03
1.906379e-03
2.307775e-03
1.959826e-03
1.885016e-03
1.746153e-03
2.431653e-03
1.941190e-03
1.999834e-03
2.208924e-03
2.366782e-03
1.935031e-03
1.812926e-03
2.359522e-03
2.390560e-03
1.952216e-03
2.131782e-03
2.110379e-03
1.746656e-03
1.688797e-03
2.076348e-03
1.908574e-03
2.033123e-03
1.932687e-03
1.734830e-03
1.825576e-03
1.886845e-03
1.816069e-03
1.901918e-03
2.141543e-03
2.174725e-03
2.048901e-03
1.972297e-03
2.193473e-03
2.025993e-03
1.908650e-03
2.125376e-03
2.415121e-03
1.841515e-03
2.617003e-03
2.034355e-03
2.202520e-03
1.776763e-03
2.375725e-03
2.076386e-03
1.881338e-03
1.714766e-03
1.823111e-03
1.919130e-03
1.733921e-03
1.888887e-03
2.246425e-03
2.317966e-03
2.010058e-03
1.797723e-03
1.960979e-03
1.964449e-03
1.766508e-03
2.310196e-03
2.053199e-03
1.846791e-03
2.058204e-03
1.815885e-03
1.993679e-03
2.033719e-03
1.845446e-03
2.060761e-03
2.542553e-03
1.976885e-03
2.238190e-03
1.847034e-03
1.573317e-03
2.010175e-03
1.958044e-03
1.710969e-03
1.790855e-03
2.025849e-03
1.534920e-03
1.890863e-03
2.089699e-03
1.702756e-03
1.939232e-03
1.839157e-03
2.104212e-03
1.760145e-03
2.196995e-03
1.739971e-03
2.193336e-03
2.076107e-03
2.165252e-03
1.735043e-03
2.049705e-03
2.034091e-03
1.976066e-03
1.994632e-03
2.112527e-03
2.054849e-03
2.000531e-03
2.278765e-03
1.761953e-03
1.846878e-03
2.239984e-03
2.170774e-03
2.096850e-03
2.178293e-03
1.824219e-03
2.061670e-03
1.933499e-03
2.117085e-03
1.823370e-03
2.715163e-03
2.149776e-03
1.657081e-03
2.045176e-03
1.920454e-03
1.854008e-03
2.053017e-03
1.737892e-03
2.062853e-03
2.458396e-03
2.023676e-03
1.830963e-03
1.753526e-03
2.061292e-03
2.129903e-03
2.089301e-03
2.055317e-03
1.960324e-03
1.968922e-03
2.081951e-03
1.950334e-03
2.001952e-03
1.862001e-03
2.099849e-03
1.624229e-03
1.834711e-03
1.958069e-03
2.071374e-03
1.980557e-03
2.042526e-03
1.778586e-03
1.886122e-03
1.764682e-03
2.344128e-03
2.209404e-03
2.218827e-03
2.101130e-03
1.845226e-03
1.651796e-03
1.768914e-03
2.160833e-03
1.468096e-03
1.977610e-03
1.752592e-03
1.772891e-03
1.862323e-03
2.300288e-03
2.016671e-03
1.736934e-03
1.789690e-03
1.814409e-03
1.818353e-03
2.066548e-03
1.790001e-03
1.908627e-03
2.012622e-03
1.641165e-03
1.817783e-03
2.098177e-03
2.292650e-03
2.213900e-03
1.743873e-03
1.990029e-03
2.078278e-03
1.825366e-03
1.751027e-03
2.173780e-03
1.874038e-03
2.001875e-03
2.293394e-03
2.088030e-03
2.287429e-03
1.820334e-03
1.786379e-03
2.093627e-03
1.991979e-03
1.840958e-03
1.895540e-03
1.929404e-03
2.143188e-03
1.972804e-03
2.308256e-03
2.275298e-03
1.820372e-03
2.234079e-03
2.109580e-03
2.242026e-03
2.148651e-03
1.954906e-03
2.177253e-03
1.419495e-03
1.810218e-03
1.896320e-03
2.248506e-03
2.237098e-03
1.724169e-03
2.187613e-03
1.999570e-03
1.947838e-03
1.933594e-03
1.841360e-03
2.222151e-03
2.041011e-03
1.766186e-03
1.942736e-03
2.002298e-03
1.929002e-03
2.195038e-03
1.882647e-03
1.619067e-03
2.013682e-03
1.888388e-03
2.696510e-03
1.677788e-03
1.816848e-03
1.978849e-03
1.884884e-03
2.147210e-03
2.569863e-03
2.092292e-03
1.868944e-03
2.066078e-03
1.845901e-03
2.099202e-03
1.904467e-03
2.162181e-03
1.640451e-03
1.946943e-03
2.116556e-03
1.613597e-03
1.873323e-03
1.842003e-03
2.001191e-03
2.040936e-03
1.891604e-03
2.054102e-03
1.821138e-03
1.742878e-03
1.980408e-03
1.848521e-03
2.084233e-03
1.843905e-03
1.915658e-03
2.105817e-03
1.893599e-03
2.158335e-03
2.034065e-03
1.833385e-03
1.799014e-03
1.929748e-03
1.946711e-03
1.994811e-03
1.787864e-03
1.970965e-03
2.455313e-03
1.970563e-03
2.065167e-03
1.910312e-03
2.329892e-03
2.201985e-03
1.914286e-03
2.163742e-03
2.028097e-03
2.035953e-03
1.866915e-03
1.944595e-03
2.024154e-03
1.519605e-03
2.020989e-03
2.090321e-03
1.856966e-03
1.780413e-03
2.172543e-03
2.018769e-03
2.042962e-03
1.952183e-03
2.009303e-03
1.920190e-03
2.081279e-03
1.812167e-03
1.867958e-03
1.840565e-03
2.105035e-03
1.940666e-03
2.249527e-03
2.355576e-03
1.931247e-03
2.449952e-03
1.883921e-03
2.116294e-03
2.312371e-03
1.902362e-03
2.209471e-03
1.918981e-03
1.845629e-03
1.802538e-03
2.152661e-03
1.759287e-03
2.132523e-03
2.200320e-03
2.020724e-03
2.304349e-03
1.957670e-03
2.478872e-03
2.049211e-03
2.015809e-03
2.272845e-03
1.959537e-03
1.765234e-03
2.246538e-03
1.879354e-03
2.242552e-03
1.909376e-03
1.973263e-03
1.536242e-03
1.842465e-03
2.059162e-03
2.049642e-03
1.705962e-03
2.008036e-03
2.454104e-03
1.949678e-03
1.805346e-03
2.169699e-03
2.038178e-03
2.202585e-03
2.285743e-03
2.383458e-03
1.903979e-03
2.093202e-03
2.071794e-03
2.135139e-03
2.028499e-03
1.817807e-03
1.914412e-03
1.530362e-03
1.970315e-03
1.864412e-03
2.050433e-03
1.869366e-03
1.815956e-03
2.366118e-03
1.958693e-03
2.162126e-03
2.491303e-03
2.159246e-03
2.008465e-03
1.627477e-03
2.201880e-03
1.982481e-03
1.584757e-03
1.825771e-03
1.840927e-03
2.204560e-03
2.189609e-03
1.776349e-03
1.880715e-03
2.143558e-03
2.111948e-03
1.540340e-03
1.898855e-03
1.854488e-03
2.019471e-03
2.076210e-03
2.005327e-03
2.051607e-03
2.088188e-03
1.769021e-03
1.841862e-03
2.030446e-03
2.358515e-03
1.898545e-03
2.137909e-03
2.133925e-03
2.116560e-03
2.058397e-03
2.247615e-03
2.112466e-03
2.267329e-03
2.169606e-03
1.549877e-03
2.035574e-03
2.012799e-03
1.737313e-03
2.295865e-03
2.273191e-03
1.987670e-03
1.856072e-03
1.781469e-03
2.128565e-03
1.924890e-03
2.117900e-03
2.130482e-03
1.851898e-03
1.818256e-03
2.389188e-03
2.136895e-03
1.842864e-03
1.923022e-03
2.281323e-03
2.318585e-03
1.946517e-03
2.056721e-03
1.712118e-03
2.193065e-03
2.042346e-03
2.047985e-03
2.367233e-03
1.954063e-03
1.820548e-03
1.916376e-03
1.837366e-03
2.383348e-03
2.041330e-03
2.084172e-03
1.705362e-03
2.057179e-03
2.142145e-03
1.898114e-03
1.431119e-03
1.761407e-03
2.390078e-03
1.785697e-03
1.837855e-03
1.886678e-03
1.867394e-03
1.664782e-03
1.845754e-03
2.221834e-03
1.848428e-03
2.035367e-03
1.811605e-03
2.264361e-03
2.673577e-03
2.034726e-03
2.205594e-03
2.009512e-03
2.312129e-03
1.730150e-03
1.936521e-03
1.941606e-03
1.907014e-03
2.020576e-03
1.807609e-03
1.888121e-03
1.905613e-03
1.653527e-03
2.184804e-03
2.085879e-03
1.874068e-03
2.135595e-03
2.466286e-03
1.818163e-03
1.717406e-03
2.263244e-03
1.816130e-03
2.162244e-03
2.130050e-03
2.164588e-03
1.982414e-03
2.087658e-03
1.981033e-03
2.141803e-03
2.343177e-03
1.885774e-03
2.204165e-03
1.901927e-03
2.280618e-03
2.201797e-03
2.443103e-03
2.046781e-03
1.778919e-03
1.610668e-03
2.283136e-03
1.923189e-03
1.923492e-03
1.715860e-03
2.014614e-03
1.611588e-03
1.803811e-03
2.097712e-03
1.955025e-03
1.766828e-03
1.901135e-03
1.799213e-03
2.272326e-03
2.017609e-03
1.891878e-03
1.960624e-03
1.975803e-03
2.066958e-03
2.189918e-03
1.996975e-03
1.767629e-03
1.813473e-03
2.217367e-03
2.043502e-03
2.105090e-03
2.052930e-03
1.754568e-03
2.113038e-03
1.929586e-03
2.246628e-03
1.874669e-03
2.133686e-03
2.112738e-03
1.797207e-03
1.731974e-03
2.117291e-03
2.122677e-03
2.013158e-03
1.690586e-03
2.342253e-03
2.124338e-03
2.385117e-03
1.917815e-03
1.853345e-03
2.002321e-03
2.524717e-03
2.216981e-03
1.696893e-03
1.969567e-03
1.995293e-03
2.539411e-03
2.268599e-03
1.909425e-03
1.961970e-03
1.989827e-03
1.852036e-03
2.006336e-03
1.643404e-03
1.866443e-03
1.672704e-03
1.848334e-03
1.899402e-03
1.902627e-03
1.990896e-03
1.723973e-03
2.270405e-03
2.200460e-03
2.017125e-03
1.956089e-03
1.837277e-03
2.447075e-03
2.144010e-03
2.096911e-03
2.608947e-03
2.164617e-03
1.919318e-03
1.915801e-03
2.007608e-03
1.899610e-03
1.935797e-03
2.225611e-03
1.851219e-03
2.117650e-03
1.791206e-03
1.789646e-03
1.605196e-03
1.974851e-03
2.081308e-03
2.029360e-03
1.961241e-03
2.132324e-03
1.957195e-03
2.380524e-03
1.979118e-03
2.195042e-03
2.229439e-03
2.336286e-03
1.757944e-03
2.184981e-03
1.965617e-03
1.838109e-03
2.366955e-03
2.117967e-03
2.039291e-03
1.730957e-03
2.214142e-03
2.198622e-03
2.005019e-03
2.093874e-03
2.160298e-03
2.091787e-03
2.253817e-03
1.838765e-03
1.909394e-03
2.160277e-03
2.080177e-03
2.019371e-03
2.124551e-03
1.915035e-03
1.803879e-03
1.928939e-03
2.119535e-03
1.953989e-03
1.782761e-03
2.120211e-03
2.113196e-03
2.224902e-03
1.742573e-03
2.626555e-03
1.625734e-03
1.998108e-03
1.756724e-03
2.263808e-03
2.079891e-03
1.912736e-03
2.163205e-03
1.946107e-03
2.285006e-03
1.909300e-03
1.732017e-03
2.264975e-03
1.894023e-03
2.214420e-03
1.719368e-03
1.801309e-03
2.245927e-03
1.765531e-03
2.185453e-03
1.720536e-03
1.937360e-03
1.816225e-03
2.334857e-03
2.175838e-03
2.034397e-03
1.868236e-03
2.203249e-03
1.794272e-03
1.867116e-03
2.036159e-03
1.890459e-03
1.717179e-03
2.290748e-03
1.778833e-03
1.903840e-03
2.061885e-03
1.868429e-03
1.998771e-03
1.879290e-03
2.046224e-03
2.215833e-03
2.107673e-03
2.667669e-03
1.732226e-03
1.995676e-03
1.904786e-03
1.786727e-03
1.905051e-03
2.261474e-03
1.695615e-03
1.693339e-03
2.408230e-03
2.521153e-03
2.139397e-03
2.026470e-03
1.998797e-03
1.737201e-03
1.927718e-03
1.834723e-03
1.922358e-03
1.995232e-03
2.206625e-03
2.235690e-03
2.232031e-03
1.851731e-03
2.142090e-03
1.762337e-03
2.124631e-03
1.672488e-03
2.112933e-03
2.425364e-03
2.204646e-03
1.850018e-03
2.130187e-03
1.927341e-03
2.098767e-03
2.153651e-03
1.963143e-03
1.919977e-03
1.996527e-03
1.812725e-03
1.984956e-03
2.523983e-03
2.117502e-03
1.912832e-03
2.053064e-03
2.141268e-03
2.077839e-03
1.938137e-03
1.976210e-03
1.795388e-03
2.047942e-03
2.178218e-03
1.956825e-03
2.206778e-03
2.019888e-03
2.024686e-03
1.804863e-03
2.130584e-03
2.272198e-03
1.779442e-03
1.951660e-03
2.261597e-03
1.996832e-03
1.999261e-03
1.992717e-03
2.223901e-03
1.786902e-03
2.006923e-03
1.890999e-03
1.936857e-03
1.862169e-03
1.856806e-03
2.088739e-03
1.940739e-03
2.108826e-03
1.949898e-03
1.811418e-03
1.673502e-03
1.961574e-03
1.774696e-03
2.031487e-03
2.074224e-03
1.487459e-03
1.957107e-03
2.021085e-03
1.861094e-03
2.166877e-03
2.182679e-03
2.084573e-03
1.974021e-03
2.124688e-03
2.006421e-03
1.697573e-03
1.899975e-03
1.902189e-03
1.955354e-03
2.428496e-03
2.109525e-03
2.132043e-03
2.307721e-03
2.042936e-03
1.805907e-03
1.695096e-03
1.946101e-03
2.349641e-03
1.726117e-03
2.212584e-03
1.822457e-03
1.988817e-03
1.871779e-03
2.225999e-03
1.788197e-03
2.060277e-03
2.157730e-03
2.372962e-03
2.032968e-03
2.122465e-03
2.063177e-03
2.070317e-03
2.115692e-03
2.152731e-03
1.904727e-03
2.172703e-03
2.198075e-03
1.839639e-03
2.032777e-03
2.089595e-03
2.226975e-03
2.299458e-03
2.160474e-03
2.114834e-03
1.859756e-03
1.860914e-03
1.836900e-03
2.065944e-03
1.598870e-03
2.388082e-03
1.868650e-03
2.006112e-03
2.201789e-03
2.036837e-03
2.014979e-03
2.052067e-03
2.279588e-03
1.758852e-03
1.980530e-03
1.969342e-03
2.299087e-03
1.779832e-03
1.950112e-03
2.468806e-03
1.897148e-03
2.223041e-03
1.956323e-03
2.024430e-03
2.148822e-03
2.026995e-03
1.753369e-03
1.814428e-03
1.981406e-03
2.004385e-03
1.642157e-03
2.083169e-03
2.025940e-03
1.820220e-03
1.782127e-03
2.245699e-03
2.167332e-03
1.893226e-03
1.947976e-03
2.026426e-03
2.053523e-03
1.842192e-03
1.882344e-03
2.196725e-03
2.054231e-03
2.121379e-03
2.041225e-03
1.901795e-03
1.893437e-03
1.974246e-03
1.968953e-03
1.725029e-03
1.710687e-03
2.098975e-03
1.876174e-03
2.048596e-03
1.877429e-03
2.104025e-03
1.775362e-03
1.938420e-03
1.732178e-03
2.245467e-03
2.005328e-03
1.876661e-03
2.171423e-03
1.781618e-03
1.871037e-03
1.899308e-03
1.987372e-03
1.814796e-03
2.104196e-03
1.876452e-03
1.982892e-03
1.898770e-03
1.993733e-03
2.316167e-03
1.814567e-03
1.648926e-03
1.999273e-03
1.843446e-03
1.886011e-03
2.359447e-03
1.715177e-03
1.945985e-03
1.786886e-03
2.058118e-03
1.959149e-03
2.119219e-03
2.225532e-03
2.014381e-03
2.083225e-03
1.884230e-03
1.926412e-03
2.284891e-03
2.090428e-03
1.954695e-03
1.808616e-03
2.060246e-03
1.968486e-03
1.965905e-03
2.175578e-03
2.143343e-03
1.909575e-03
2.132563e-03
2.082714e-03
1.878876e-03
2.070867e-03
1.876650e-03
2.006384e-03
2.476649e-03
1.968384e-03
1.635718e-03
1.726452e-03
2.151157e-03
1.969891e-03
1.962894e-03
2.131348e-03
1.926119e-03
2.163493e-03
2.094636e-03
2.320990e-03
1.864551e-03
2.027231e-03
2.152267e-03
1.876404e-03
2.037836e-03
2.714958e-03
2.016235e-03
2.015079e-03
1.946938e-03
2.040507e-03
1.667267e-03
1.703055e-03
1.910885e-03
1.969881e-03
2.084728e-03
1.982724e-03
1.999186e-03
1.832675e-03
2.020217e-03
1.848581e-03
2.088304e-03
2.229936e-03
1.789592e-03
1.563402e-03
1.838950e-03
1.977805e-03
1.823508e-03
2.021448e-03
2.177368e-03
2.255389e-03
1.677956e-03
1.948557e-03
2.186678e-03
2.292983e-03
1.993250e-03
1.730982e-03
2.481134e-03
1.960151e-03
2.118123e-03
2.296187e-03
1.729463e-03
1.973899e-03
2.047786e-03
2.594526e-03
1.891503e-03
1.954641e-03
1.933815e-03
1.715474e-03
1.578882e-03
1.663094e-03
2.112702e-03
2.155356e-03
1.907746e-03
1.967183e-03
1.787027e-03
1.895358e-03
2.234619e-03
2.306979e-03
1.770665e-03
1.962301e-03
1.787775e-03
1.977805e-03
2.256446e-03
1.931670e-03
2.212637e-03
1.923979e-03
2.214445e-03
1.812763e-03
2.194579e-03
2.177702e-03
1.967317e-03
1.919666e-03
1.892546e-03
2.189602e-03
1.905067e-03
1.818118e-03
1.879999e-03
2.090098e-03
2.383922e-03
1.578857e-03
1.765892e-03
2.080031e-03
1.870057e-03
2.042865e-03
2.170295e-03
1.851685e-03
2.154194e-03
2.023057e-03
1.979846e-03
2.118821e-03
1.904250e-03
2.268664e-03
1.880637e-03
2.086633e-03
1.964399e-03
2.386189e-03
2.045587e-03
1.898910e-03
1.789580e-03
2.444356e-03
2.122739e-03
2.400016e-03
1.917117e-03
2.477759e-03
1.880918e-03
2.149623e-03
1.655003e-03
1.959619e-03
1.855941e-03
2.118567e-03
1.728912e-03
2.071678e-03
1.819010e-03
1.957851e-03
1.863305e-03
2.065354e-03
2.077129e-03
1.739724e-03
1.793207e-03
1.855345e-03
2.200539e-03
2.035796e-03
1.953795e-03
2.004899e-03
1.987917e-03
1.873316e-03
1.852937e-03
1.897800e-03
2.033373e-03
2.324506e-03
1.920492e-03
2.538269e-03
1.999707e-03
2.069798e-03
1.816915e-03
2.092359e-03
2.312123e-03
1.831031e-03
2.264952e-03
2.032649e-03
1.988302e-03
1.972464e-03
1.879362e-03
1.767885e-03
1.982280e-03
1.777462e-03
1.815674e-03
2.052342e-03
2.087784e-03
1.786425e-03
1.661161e-03
2.060038e-03
2.012850e-03
1.982217e-03
2.222314e-03
1.968083e-03
2.246101e-03
1.472886e-03
1.866575e-03
2.035912e-03
2.353301e-03
2.068117e-03
2.158334e-03
1.981215e-03
2.133754e-03
1.757995e-03
1.697944e-03
1.950330e-03
1.916999e-03
2.059277e-03
1.808805e-03
2.196974e-03
2.012203e-03
2.214189e-03
2.478426e-03
2.099580e-03
2.019654e-03
2.331802e-03
2.156015e-03
2.160696e-03
2.237487e-03
1.928081e-03
1.925491e-03
1.958433e-03
1.950369e-03
2.164426e-03
2.042982e-03
1.714987e-03
1.990050e-03
1.996949e-03
2.163488e-03
2.185894e-03
1.923686e-03
2.127511e-03
1.846900e-03
2.158257e-03
1.787325e-03
1.697779e-03
1.850990e-03
2.153350e-03
2.130368e-03
2.094411e-03
2.198235e-03
1.945296e-03
2.113412e-03
1.724016e-03
1.937511e-03
1.937453e-03
1.883731e-03
2.121770e-03
1.921877e-03
1.826332e-03
1.918094e-03
2.082394e-03
2.018349e-03
1.763406e-03
2.530182e-03
1.853251e-03
2.026355e-03
1.976435e-03
2.151861e-03
1.968942e-03
1.879329e-03
2.012133e-03
2.188346e-03
2.029483e-03
1.782662e-03
2.234147e-03
2.102729e-03
2.060821e-03
2.205685e-03
2.265102e-03
1.940060e-03
1.994554e-03
1.929995e-03
2.022368e-03
2.024455e-03
1.988182e-03
1.865344e-03
2.210236e-03
1.894333e-03
2.185192e-03
1.953785e-03
2.421665e-03
1.992956e-03
2.004031e-03
1.916666e-03
2.030990e-03
2.131283e-03
1.864484e-03
2.156159e-03
1.787777e-03
2.024508e-03
2.002672e-03
1.844593e-03
2.129984e-03
1.966010e-03
2.033941e-03
1.970400e-03
1.907506e-03
1.956127e-03
1.914900e-03
1.806606e-03
2.388312e-03
1.851919e-03
1.851974e-03
2.144371e-03
2.107936e-03
1.962486e-03
1.721374e-03
2.050462e-03
1.858630e-03
2.284344e-03
1.869481e-03
2.419689e-03
1.842065e-03
1.997503e-03
1.892587e-03
1.890232e-03
2.195468e-03
2.006892e-03
2.148881e-03
2.324281e-03
2.414494e-03
2.058900e-03
1.964572e-03
1.708742e-03
1.886535e-03
1.865946e-03
2.145998e-03
1.977132e-03
1.927517e-03
1.946218e-03
2.223126e-03
2.048775e-03
2.203242e-03
1.821199e-03
1.894041e-03
1.842272e-03
2.229972e-03
2.244823e-03
1.760945e-03
1.695713e-03
2.119389e-03
2.058411e-03
2.229362e-03
1.777130e-03
2.307857e-03
2.451072e-03
1.996031e-03
1.877100e-03
2.272176e-03
1.905246e-03
2.135248e-03
1.769678e-03
1.749058e-03
1.960761e-03
2.170734e-03
2.172416e-03
2.080455e-03
1.801164e-03
1.937951e-03
2.100201e-03
1.851141e-03
1.903061e-03
2.290428e-03
1.860792e-03
1.946329e-03
1.797766e-03
2.058996e-03
2.017919e-03
2.028848e-03
1.941879e-03
2.030034e-03
2.142135e-03
1.691398e-03
2.095787e-03
2.025511e-03
2.104122e-03
1.927029e-03
2.048217e-03
1.629290e-03
2.400251e-03
2.088092e-03
1.967471e-03
1.945901e-03
2.096688e-03
1.948579e-03
2.071040e-03
1.932514e-03
2.355886e-03
2.083255e-03
2.337093e-03
2.168967e-03
2.178324e-03
2.183446e-03
2.054281e-03
2.154359e-03
1.964664e-03
1.930887e-03
1.933768e-03
1.900897e-03
1.966027e-03
2.112830e-03
2.046392e-03
1.859966e-03
2.436184e-03
1.808428e-03
2.010640e-03
2.019895e-03
2.088779e-03
2.485738e-03
1.918375e-03
2.036239e-03
2.018094e-03
1.794853e-03
2.146183e-03
2.145113e-03
2.456998e-03
1.862618e-03
1.790868e-03
2.334728e-03
1.917127e-03
1.997254e-03
2.081097e-03
2.072539e-03
2.234312e-03
2.017569e-03
2.209257e-03
2.407166e-03
1.990561e-03
2.066219e-03
1.715396e-03
2.314045e-03
2.085739e-03
1.912347e-03
1.941100e-03
2.604674e-03
1.711573e-03
2.067637e-03
1.859168e-03
1.842753e-03
2.355767e-03
1.938318e-03
2.125815e-03
2.317867e-03
2.121077e-03
2.133897e-03
1.849929e-03
2.486670e-03
1.709273e-03
1.965941e-03
2.259077e-03
1.843318e-03
1.993828e-03
1.934887e-03
1.701906e-03
1.928229e-03
2.079919e-03
1.740038e-03
1.752825e-03
2.090010e-03
1.870962e-03
1.753680e-03
1.614166e-03
1.724898e-03
2.327684e-03
1.927129e-03
2.164787e-03
2.113660e-03
2.070338e-03
1.997203e-03
1.897087e-03
2.065321e-03
2.172965e-03
2.119141e-03
2.071041e-03
1.901784e-03
1.990034e-03
1.755404e-03
1.783483e-03
1.694119e-03
1.921195e-03
1.797490e-03
1.715131e-03
2.058911e-03
1.882159e-03
1.941718e-03
2.127411e-03
2.121283e-03
2.098241e-03
1.862848e-03
2.187135e-03
2.089592e-03
2.238819e-03
2.108130e-03
2.074029e-03
1.948786e-03
1.895344e-03
2.190460e-03
2.031177e-03
2.096740e-03
2.216646e-03
1.816997e-03
2.623878e-03
2.356489e-03
2.008109e-03
1.788507e-03
2.178091e-03
1.780141e-03
1.833792e-03
2.090825e-03
2.059572e-03
2.026409e-03
2.092889e-03
2.344849e-03
1.787166e-03
1.909848e-03
2.010185e-03
2.079779e-03
1.990171e-03
2.173755e-03
2.598039e-03
1.941106e-03
2.014067e-03
1.910172e-03
2.160750e-03
2.389922e-03
2.169150e-03
2.422833e-03
1.905699e-03
2.264995e-03
1.944650e-03
1.788642e-03
2.228040e-03
1.849354e-03
1.926264e-03
1.993897e-03
2.013502e-03
1.942506e-03
2.146349e-03
2.157207e-03
2.094486e-03
1.864766e-03
2.101865e-03
2.024767e-03
1.962958e-03
1.970696e-03
1.991193e-03
1.793371e-03
1.929738e-03
1.921041e-03
2.207841e-03
1.914050e-03
2.203313e-03
2.318715e-03
2.065201e-03
2.227401e-03
2.148255e-03
2.074421e-03
2.019662e-03
2.067461e-03
2.353196e-03
1.919017e-03
1.860723e-03
1.998580e-03
1.761508e-03
1.862173e-03
2.216241e-03
1.941078e-03
2.366343e-03
2.326229e-03
1.762921e-03
2.190700e-03
1.680663e-03
1.845497e-03
1.900139e-03
2.161625e-03
1.873019e-03
1.865179e-03
2.077650e-03
2.081283e-03
1.960244e-03
2.013406e-03
2.046024e-03
2.153902e-03
2.111586e-03
1.903738e-03
1.951147e-03
1.861530e-03
1.741140e-03
2.407552e-03
2.031833e-03
2.068076e-03
1.582822e-03
1.747035e-03
1.929868e-03
2.198422e-03
2.181207e-03
2.016894e-03
1.754618e-03
2.115962e-03
1.843010e-03
2.269494e-03
1.789270e-03
2.318970e-03
1.845920e-03
1.894764e-03
1.707873e-03
1.890982e-03
2.254212e-03
2.204953e-03
2.007657e-03
2.104015e-03
1.974551e-03
1.962686e-03
1.832534e-03
1.777075e-03
1.506613e-03
2.182275e-03
1.978552e-03
2.250442e-03
1.967101e-03
1.828313e-03
1.622031e-03
1.708781e-03
1.794951e-03
1.564244e-03
1.747909e-03
1.929220e-03
1.896391e-03
2.016640e-03
1.908430e-03
1.919614e-03
2.120731e-03
1.985066e-03
1.838335e-03
1.896523e-03
1.999568e-03
2.159550e-03
2.078502e-03
2.112872e-03
2.186710e-03
2.094901e-03
1.747644e-03
1.988199e-03
2.101609e-03
2.040237e-03
1.905217e-03
1.979422e-03
2.043399e-03
2.139649e-03
1.985284e-03
2.342080e-03
2.184633e-03
1.683709e-03
2.202330e-03
2.091158e-03
1.975943e-03
2.097454e-03
2.337895e-03
1.801738e-03
2.025861e-03
1.858363e-03
1.878227e-03
1.805950e-03
1.859125e-03
1.897097e-03
2.229077e-03
2.192614e-03
2.019303e-03
1.636026e-03
1.676938e-03
2.124986e-03
1.988537e-03
1.952753e-03
1.622981e-03
2.005177e-03
2.082962e-03
1.602536e-03
2.091458e-03
1.931418e-03
1.774410e-03
2.391654e-03
1.546531e-03
2.015895e-03
1.988267e-03
1.860966e-03
2.516479e-03
2.080298e-03
2.050129e-03
1.975509e-03
1.911530e-03
1.858426e-03
1.914933e-03
1.931495e-03
2.026437e-03
1.977715e-03
1.824547e-03
2.059883e-03
1.921235e-03
1.747173e-03
2.161073e-03
1.850349e-03
1.981126e-03
2.117720e-03
1.883395e-03
2.157345e-03
2.386157e-03
1.957954e-03
2.092465e-03
1.661170e-03
2.027217e-03
1.919808e-03
1.777115e-03
1.746427e-03
1.822066e-03
1.901763e-03
2.319237e-03
2.047072e-03
1.538836e-03
1.741423e-03
1.992402e-03
1.819987e-03
2.264971e-03
2.160903e-03
1.896957e-03
1.802339e-03
2.114135e-03
2.002863e-03
1.824532e-03
2.131435e-03
1.844134e-03
1.848543e-03
1.884145e-03
1.750113e-03
2.135764e-03
2.187609e-03
1.693235e-03
1.729801e-03
1.722439e-03
2.087775e-03
1.751409e-03
2.148479e-03
2.197810e-03
2.084945e-03
1.916189e-03
1.848845e-03
1.769367e-03
2.181592e-03
2.024225e-03
1.773535e-03
2.218753e-03
2.135362e-03
2.103993e-03
1.809532e-03
1.869459e-03
1.859513e-03
1.550553e-03
2.097875e-03
2.374886e-03
1.927381e-03
2.308607e-03
2.014886e-03
1.773030e-03
1.885741e-03
2.109260e-03
2.264772e-03
2.093824e-03
1.805104e-03
1.622557e-03
1.990303e-03
1.930773e-03
1.817520e-03
1.924042e-03
2.335444e-03
1.998146e-03
1.906405e-03
2.160260e-03
1.878473e-03
2.316770e-03
2.043370e-03
1.822740e-03
2.035072e-03
1.593335e-03
2.169882e-03
1.760572e-03
2.052460e-03
2.057122e-03
2.259067e-03
2.176462e-03
1.870411e-03
2.075060e-03
2.103859e-03
1.683902e-03
1.767376e-03
2.311016e-03
1.848514e-03
1.696257e-03
2.038565e-03
1.873782e-03
2.041635e-03
1.336748e-03
2.231954e-03
2.100482e-03
1.805712e-03
1.809999e-03
2.233806e-03
1.908329e-03
1.710803e-03
1.921225e-03
2.182142e-03
2.095713e-03
1.899384e-03
1.877954e-03
2.403945e-03
1.761187e-03
2.008848e-03
2.077506e-03
2.513450e-03
2.009645e-03
2.183909e-03
2.039198e-03
1.983314e-03
1.738316e-03
1.814604e-03
2.027030e-03
2.189530e-03
1.932113e-03
2.004284e-03
2.131833e-03
1.830411e-03
1.940882e-03
1.614824e-03
1.977348e-03
1.909661e-03
1.565322e-03
2.223418e-03
1.779275e-03
1.879341e-03
2.152488e-03
2.150224e-03
1.886339e-03
2.170508e-03
1.975371e-03
2.228097e-03
1.792855e-03
1.711142e-03
1.852610e-03
2.041308e-03
1.906313e-03
2.306714e-03
2.007366e-03
1.667521e-03
2.212065e-03
1.808297e-03
2.497357e-03
1.847034e-03
1.985672e-03
1.859634e-03
2.214538e-03
2.038359e-03
2.149034e-03
2.074380e-03
2.159865e-03
2.203520e-03
2.063305e-03
2.342243e-03
1.832829e-03
2.253855e-03
2.161610e-03
1.933386e-03
2.063351e-03
1.804253e-03
1.794265e-03
2.015098e-03
2.581859e-03
2.004743e-03
2.051019e-03
2.206963e-03
2.162239e-03
1.922010e-03
2.035354e-03
1.786409e-03
1.846167e-03
1.971240e-03
1.764246e-03
1.915658e-03
1.919539e-03
2.366870e-03
1.801936e-03
2.117968e-03
2.253711e-03
2.014936e-03
1.739618e-03
2.043438e-03
1.914076e-03
2.339065e-03
2.135206e-03
2.326791e-03
1.759898e-03
1.944865e-03
2.257373e-03
2.241420e-03
1.980528e-03
2.180490e-03
1.787948e-03
2.000430e-03
2.108688e-03
2.018838e-03
2.229102e-03
1.962843e-03
1.672158e-03
1.842703e-03
1.834831e-03
1.992818e-03
1.800693e-03
1.948115e-03
1.482089e-03
1.717747e-03
2.035444e-03
1.864357e-03
1.582393e-03
1.917354e-03
2.004038e-03
2.088957e-03
1.783674e-03
1.899708e-03
2.023849e-03
1.913525e-03
1.980734e-03
2.330236e-03
2.127405e-03
2.039432e-03
2.019394e-03
1.820820e-03
1.745804e-03
1.863060e-03
2.332111e-03
2.014462e-03
1.974558e-03
1.803258e-03
1.785810e-03
1.909143e-03
2.156230e-03
2.053877e-03
1.892622e-03
2.103056e-03
2.006256e-03
1.969764e-03
1.878467e-03
1.970437e-03
1.639716e-03
1.937052e-03
2.155129e-03
1.926787e-03
2.127309e-03
1.952834e-03
1.788850e-03
2.214724e-03
2.073751e-03
1.865849e-03
2.310071e-03
1.856035e-03
1.818566e-03
1.949610e-03
2.063889e-03
1.906726e-03
2.217466e-03
2.126125e-03
1.975242e-03
2.394115e-03
1.963594e-03
1.829454e-03
2.255584e-03
1.975074e-03
2.066287e-03
1.898790e-03
1.735480e-03
2.269920e-03
2.226943e-03
2.117531e-03
1.891013e-03
1.659114e-03
2.515606e-03
1.682718e-03
1.776299e-03
2.032351e-03
2.339113e-03
2.088031e-03
1.930230e-03
2.028078e-03
1.954440e-03
1.990021e-03
2.107253e-03
2.080992e-03
1.740418e-03
2.102372e-03
2.294397e-03
2.056931e-03
2.126839e-03
1.595113e-03
2.125555e-03
2.206882e-03
1.895458e-03
2.029210e-03
2.105330e-03
1.986590e-03
2.071804e-03
1.983373e-03
1.776477e-03
2.016811e-03
2.174035e-03
2.071162e-03
1.797397e-03
1.775214e-03
2.090385e-03
2.116056e-03
1.923737e-03
2.136656e-03
2.041206e-03
1.739455e-03
1.930142e-03
2.261606e-03
2.384985e-03
1.659564e-03
2.168955e-03
1.923454e-03
1.874774e-03
1.643199e-03
2.177119e-03
2.031120e-03
1.898737e-03
2.182038e-03
1.964941e-03
2.090157e-03
2.298106e-03
1.944251e-03
2.028701e-03
2.022933e-03
1.961098e-03
1.835460e-03
1.657529e-03
2.081864e-03
1.728421e-03
2.012788e-03
2.072184e-03
1.831862e-03
1.650719e-03
1.873922e-03
2.460914e-03
2.432863e-03
1.785255e-03
2.117914e-03
2.060553e-03
1.950696e-03
2.249448e-03
2.245385e-03
1.957560e-03
1.920005e-03
1.842196e-03
1.910052e-03
2.351605e-03
2.630341e-03
2.129582e-03
2.272947e-03
1.945849e-03
2.068637e-03
2.060455e-03
1.948906e-03
2.292653e-03
2.084273e-03
1.860893e-03
2.072726e-03
1.979792e-03
1.712199e-03
1.834872e-03
2.038190e-03
2.146900e-03
1.769642e-03
1.725799e-03
1.742032e-03
2.258979e-03
1.856106e-03
1.651111e-03
1.719171e-03
1.623768e-03
1.856451e-03
2.297953e-03
1.958790e-03
1.763616e-03
2.233515e-03
2.280978e-03
2.110013e-03
1.905342e-03
1.813611e-03
1.898516e-03
2.266454e-03
1.861562e-03
1.839691e-03
1.879305e-03
1.878993e-03
2.644760e-03
1.995421e-03
2.072510e-03
1.951031e-03
2.244650e-03
2.125771e-03
2.349506e-03
1.943412e-03
1.796904e-03
1.865024e-03
1.854409e-03
2.099740e-03
1.712451e-03
1.775998e-03
2.259947e-03
1.948595e-03
2.159554e-03
2.086155e-03
1.825025e-03
2.271642e-03
2.116369e-03
2.013948e-03
2.291905e-03
2.184103e-03
1.980567e-03
2.403969e-03
2.206823e-03
1.929040e-03
1.577235e-03
1.975024e-03
2.172284e-03
2.039548e-03
2.054258e-03
2.209389e-03
2.182984e-03
1.789801e-03
2.361283e-03
2.082343e-03
2.162496e-03
2.356549e-03
2.104811e-03
2.312763e-03
2.049426e-03
1.712796e-03
2.321215e-03
2.134818e-03
2.173576e-03
1.889752e-03
1.967470e-03
2.193957e-03
1.794075e-03
2.107190e-03
1.891070e-03
2.156146e-03
1.892133e-03
1.989231e-03
2.002200e-03
2.076617e-03
1.647779e-03
2.141886e-03
2.115775e-03
1.853665e-03
1.812312e-03
1.847043e-03
2.165279e-03
2.247994e-03
2.365029e-03
2.432955e-03
1.906714e-03
2.091927e-03
1.838295e-03
2.109066e-03
1.893734e-03
2.284650e-03
2.062645e-03
1.790517e-03
1.613804e-03
1.778753e-03
2.063907e-03
1.929000e-03
1.774752e-03
2.022313e-03
2.039210e-03
1.969263e-03
2.447192e-03
2.055265e-03
1.613057e-03
2.252954e-03
2.194355e-03
2.308805e-03
1.997590e-03
2.170318e-03
2.321958e-03
1.900223e-03
2.164202e-03
1.604397e-03
2.066767e-03
2.123058e-03
1.834438e-03
2.062582e-03
1.712652e-03
1.686658e-03
2.110866e-03
1.905380e-03
1.942442e-03
2.242335e-03
1.817731e-03
1.907536e-03
2.025994e-03
2.059745e-03
1.957238e-03
1.842045e-03
2.534987e-03
2.209260e-03
2.116457e-03
2.134035e-03
2.118512e-03
1.810538e-03
2.129857e-03
1.971410e-03
2.061758e-03
2.216644e-03
1.786733e-03
2.079076e-03
2.190645e-03
2.060867e-03
1.922341e-03
2.124464e-03
1.884186e-03
1.741363e-03
2.205851e-03
2.091116e-03
1.845591e-03
1.957671e-03
1.757898e-03
1.949348e-03
1.904181e-03
1.754914e-03
2.638147e-03
2.010269e-03
2.136764e-03
2.100864e-03
1.939079e-03
1.937017e-03
2.355267e-03
1.857290e-03
1.793632e-03
1.798584e-03
2.029401e-03
2.024676e-03
2.098368e-03
1.962569e-03
1.809937e-03
2.099595e-03
2.247799e-03
2.213146e-03
2.331537e-03
1.957613e-03
1.864256e-03
1.894043e-03
1.965611e-03
1.701438e-03
1.961922e-03
2.089261e-03
2.054949e-03
1.796599e-03
1.647233e-03
2.147494e-03
2.138166e-03
2.091276e-03
1.692380e-03
1.939406e-03
2.313748e-03
2.348073e-03
2.209247e-03
1.685747e-03
1.931860e-03
2.529058e-03
1.816734e-03
2.092151e-03
1.985993e-03
1.993341e-03
1.982309e-03
2.314329e-03
2.166793e-03
1.795114e-03
1.988333e-03
2.196304e-03
1.954289e-03
2.422541e-03
2.279804e-03
1.964418e-03
1.913566e-03
2.262219e-03
2.097664e-03
1.987562e-03
1.952485e-03
1.572775e-03
1.990987e-03
1.771275e-03
1.657770e-03
1.830211e-03
2.161074e-03
1.604736e-03
1.839447e-03
2.383080e-03
2.287977e-03
2.094332e-03
2.252056e-03
1.759808e-03
1.895495e-03
1.955228e-03
1.861968e-03
1.796580e-03
2.152011e-03
2.028342e-03
1.751973e-03
1.840579e-03
1.934586e-03
1.956469e-03
1.799410e-03
2.058014e-03
2.064134e-03
2.081549e-03
2.158852e-03
1.910761e-03
1.819456e-03
1.934951e-03
2.122634e-03
1.803702e-03
2.159294e-03
2.057297e-03
2.208053e-03
1.978014e-03
1.597006e-03
1.714670e-03
2.201154e-03
2.342663e-03
2.027381e-03
2.065529e-03
2.026637e-03
1.883956e-03
1.705719e-03
2.442343e-03
1.815317e-03
1.919113e-03
1.933546e-03
1.817249e-03
2.038702e-03
2.298438e-03
1.896860e-03
2.083050e-03
2.172442e-03
1.969302e-03
1.807017e-03
1.648249e-03
1.768230e-03
1.982740e-03
1.709607e-03
1.948565e-03
2.013335e-03
1.902688e-03
1.843536e-03
1.943411e-03
1.980375e-03
2.009631e-03
1.829252e-03
1.871690e-03
1.800680e-03
1.858748e-03
2.160181e-03
1.975254e-03
1.911799e-03
1.569624e-03
1.983893e-03
2.237883e-03
1.567874e-03
2.162018e-03
2.139354e-03
1.894358e-03
2.144435e-03
2.016474e-03
2.132936e-03
2.189230e-03
1.625994e-03
2.188184e-03
1.683616e-03
1.907651e-03
1.875936e-03
2.451538e-03
2.304435e-03
2.279339e-03
2.012583e-03
2.517933e-03
2.103359e-03
1.777227e-03
1.903869e-03
2.121829e-03
2.156225e-03
2.004780e-03
1.955137e-03
2.054341e-03
2.419844e-03
1.662432e-03
2.127294e-03
1.587129e-03
1.995649e-03
2.057722e-03
1.941678e-03
1.959234e-03
1.822711e-03
2.129841e-03
2.083936e-03
1.930285e-03
1.667098e-03
1.730649e-03
1.857913e-03
2.064661e-03
1.815962e-03
1.816542e-03
2.150568e-03
1.921364e-03
1.949026e-03
2.088358e-03
2.063753e-03
1.841204e-03
1.969300e-03
1.987220e-03
2.107544e-03
2.092191e-03
1.776745e-03
2.123271e-03
2.030512e-03
1.862905e-03
1.803626e-03
1.864334e-03
2.267157e-03
1.959415e-03
1.817952e-03
1.969571e-03
2.009798e-03
2.016526e-03
1.915641e-03
1.713196e-03
2.050048e-03
1.988628e-03
2.113911e-03
2.045708e-03
2.117480e-03
1.847186e-03
1.873055e-03
1.941303e-03
1.855018e-03
1.692122e-03
1.683367e-03
2.393652e-03
1.751721e-03
2.092925e-03
2.244965e-03
1.983197e-03
2.090244e-03
1.999172e-03
2.473448e-03
2.120154e-03
2.143325e-03
1.664202e-03
2.250086e-03
1.935867e-03
1.957537e-03
2.155500e-03
1.774294e-03
2.591390e-03
1.673626e-03
1.825632e-03
1.842652e-03
1.954354e-03
2.008301e-03
2.067644e-03
1.882316e-03
2.043858e-03
2.175507e-03
1.806527e-03
2.248635e-03
2.155505e-03
2.084572e-03
2.184573e-03
1.750428e-03
1.616233e-03
1.842209e-03
1.791687e-03
2.310582e-03
1.769966e-03
1.674640e-03
1.986023e-03
2.075760e-03
1.996567e-03
2.108135e-03
1.907633e-03
2.025311e-03
1.800674e-03
2.028895e-03
1.809706e-03
1.621039e-03
1.841794e-03
1.955929e-03
1.991519e-03
1.839124e-03
1.856873e-03
1.880730e-03
1.983306e-03
1.825953e-03
2.236060e-03
1.926829e-03
2.143811e-03
2.104424e-03
1.699047e-03
1.878857e-03
1.993379e-03
1.866463e-03
2.152327e-03
2.133189e-03
1.806366e-03
1.663352e-03
1.934926e-03
1.781269e-03
2.282699e-03
2.036380e-03
2.243282e-03
1.979708e-03
1.959479e-03
1.697003e-03
1.746839e-03
2.318598e-03
1.918801e-03
2.042320e-03
1.887139e-03
2.042372e-03
2.008874e-03
1.767704e-03
2.069368e-03
2.105256e-03
1.571056e-03
1.909229e-03
1.654989e-03
1.766637e-03
1.842552e-03
1.833954e-03
2.154799e-03
1.695127e-03
1.934975e-03
1.807713e-03
1.979979e-03
1.907172e-03
2.497104e-03
1.745320e-03
2.472693e-03
2.008482e-03
2.026492e-03
1.992964e-03
2.024389e-03
1.850420e-03
1.920100e-03
1.806206e-03
2.135408e-03
2.169267e-03
2.032408e-03
1.915939e-03
2.121348e-03
1.957205e-03
1.822233e-03
1.896309e-03
2.055465e-03
1.729828e-03
2.321461e-03
2.250541e-03
1.829794e-03
1.896945e-03
2.207941e-03
1.899022e-03
2.015241e-03
2.115599e-03
2.261224e-03
1.978657e-03
1.971158e-03
1.877497e-03
2.004305e-03
1.882843e-03
2.264765e-03
1.855431e-03
2.120022e-03
1.859377e-03
2.182721e-03
1.685695e-03
1.835138e-03
1.950471e-03
1.832695e-03
2.296536e-03
1.888873e-03
1.892752e-03
2.257832e-03
1.931517e-03
1.804501e-03
2.418553e-03
1.937794e-03
1.708050e-03
1.955401e-03
1.980249e-03
2.046862e-03
1.869026e-03
2.483780e-03
2.317882e-03
2.121389e-03
2.014417e-03
2.318822e-03
1.861758e-03
1.907765e-03
2.152712e-03
2.104050e-03
1.651002e-03
2.351402e-03
2.138179e-03
1.758551e-03
1.702856e-03
1.788234e-03
1.996844e-03
1.807666e-03
1.788331e-03
1.733504e-03
1.924451e-03
1.949550e-03
1.916058e-03
1.958211e-03
1.755935e-03
2.006885e-03
1.888858e-03
2.301137e-03
1.901808e-03
2.209995e-03
1.831286e-03
2.025052e-03
2.016846e-03
1.857985e-03
2.235099e-03
1.793240e-03
2.101653e-03
2.107503e-03
1.869568e-03
2.408650e-03
2.128683e-03
1.756053e-03
2.001688e-03
2.022967e-03
2.434591e-03
1.691887e-03
2.087728e-03
1.931488e-03
2.222857e-03
2.011936e-03
1.757853e-03
1.812523e-03
2.220528e-03
2.014613e-03
2.159435e-03
2.188118e-03
2.034602e-03
1.819103e-03
1.993759e-03
1.970982e-03
1.762749e-03
1.915784e-03
2.139071e-03
2.578955e-03
1.677340e-03
2.144416e-03
1.934853e-03
2.098785e-03
1.991049e-03
1.800394e-03
1.958089e-03
2.041638e-03
2.290332e-03
1.903537e-03
1.997267e-03
2.338303e-03
2.605364e-03
2.279799e-03
1.818996e-03
1.946330e-03
1.715051e-03
1.698561e-03
1.831577e-03
1.980017e-03
1.979099e-03
1.833288e-03
2.068515e-03
1.848478e-03
2.070170e-03
2.124111e-03
1.841820e-03
2.269061e-03
2.150662e-03
2.299447e-03
1.628271e-03
1.835551e-03
1.987651e-03
2.108711e-03
2.319792e-03
1.931639e-03
1.945796e-03
2.092869e-03
1.916171e-03
2.012220e-03
1.879386e-03
2.410703e-03
2.103105e-03
1.970054e-03
1.780245e-03
2.093035e-03
1.869760e-03
2.081045e-03
2.241156e-03
1.874242e-03
1.838588e-03
1.973971e-03
1.950995e-03
2.212185e-03
1.665564e-03
1.810741e-03
2.311343e-03
2.218302e-03
1.856567e-03
1.392738e-03
2.110709e-03
1.722020e-03
2.109547e-03
1.974030e-03
2.213389e-03
1.977548e-03
1.880518e-03
2.052383e-03
2.003591e-03
1.943108e-03
1.810296e-03
2.059355e-03
2.129333e-03
2.122194e-03
1.861172e-03
1.838442e-03
2.420822e-03
1.861412e-03
1.765310e-03
2.159393e-03
2.167379e-03
2.224574e-03
2.202271e-03
2.181361e-03
2.086732e-03
2.367903e-03
1.854337e-03
1.849228e-03
1.898381e-03
2.368334e-03
1.912143e-03
2.233487e-03
1.973122e-03
1.890251e-03
1.924987e-03
2.077611e-03
1.780606e-03
2.346040e-03
1.863914e-03
2.002216e-03
2.090271e-03
1.591080e-03
1.719404e-03
2.170982e-03
1.945197e-03
2.317543e-03
1.889120e-03
1.687898e-03
2.000708e-03
2.016018e-03
2.024329e-03
1.982162e-03
1.728049e-03
1.662106e-03
1.975828e-03
1.793409e-03
2.110977e-03
2.270314e-03
1.996767e-03
2.059636e-03
1.720401e-03
1.983131e-03
1.988067e-03
2.016946e-03
1.998207e-03
2.096928e-03
1.711364e-03
2.341946e-03
1.827094e-03
1.808546e-03
1.846447e-03
1.859627e-03
2.250382e-03
1.998228e-03
1.866925e-03
2.177630e-03
1.917883e-03
2.047622e-03
1.944260e-03
1.769133e-03
2.312136e-03
1.986482e-03
1.753185e-03
1.649868e-03
1.962625e-03
1.726361e-03
1.916218e-03
1.922079e-03
1.953310e-03
2.097197e-03
1.920346e-03
2.053687e-03
2.384134e-03
2.333644e-03
1.887564e-03
2.065848e-03
2.067069e-03
1.999987e-03
2.070962e-03
2.003230e-03
2.118940e-03
2.313116e-03
2.035561e-03
1.795608e-03
1.911835e-03
2.306290e-03
1.858897e-03
2.204724e-03
1.935382e-03
1.625182e-03
1.834453e-03
2.408073e-03
2.472021e-03
1.575470e-03
2.286307e-03
2.061618e-03
2.336167e-03
1.708201e-03
1.933348e-03
2.020784e-03
1.955780e-03
1.854864e-03
2.170948e-03
2.264085e-03
1.967967e-03
2.026762e-03
2.180944e-03
1.787425e-03
1.744552e-03
1.815810e-03
2.445014e-03
2.131168e-03
2.051689e-03
2.322977e-03
2.164873e-03
2.140539e-03
2.065176e-03
2.023348e-03
1.666944e-03
1.659365e-03
1.917694e-03
1.956349e-03
2.311105e-03
2.109585e-03
2.106722e-03
1.936883e-03
1.984291e-03
1.797192e-03
1.949347e-03
1.969310e-03
1.998695e-03
2.197237e-03
2.151706e-03
1.758256e-03
1.651009e-03
2.118049e-03
1.905309e-03
1.810471e-03
2.819172e-03
2.092154e-03
2.074979e-03
1.929458e-03
1.946897e-03
2.266049e-03
2.177737e-03
1.884488e-03
1.636305e-03
2.227051e-03
1.925388e-03
1.955152e-03
2.571066e-03
2.180903e-03
1.770397e-03
2.118427e-03
2.097183e-03
2.315073e-03
1.784223e-03
2.016024e-03
1.794713e-03
2.160151e-03
2.003744e-03
2.008085e-03
2.197856e-03
1.867062e-03
1.826739e-03
1.988075e-03
2.184648e-03
1.907789e-03
2.166751e-03
2.233536e-03
1.817744e-03
2.187065e-03
1.979447e-03
2.079840e-03
2.012669e-03
1.758332e-03
1.782701e-03
2.101392e-03
1.579490e-03
1.847030e-03
1.848932e-03
2.116528e-03
2.092248e-03
2.008238e-03
1.951970e-03
1.985510e-03
2.090933e-03
2.153121e-03
2.072521e-03
1.906954e-03
2.523488e-03
2.143541e-03
1.899143e-03
2.012262e-03
1.646581e-03
1.676587e-03
2.128270e-03
2.060894e-03
2.238893e-03
2.074424e-03
1.763596e-03
2.015849e-03
1.851954e-03
1.830674e-03
1.997635e-03
1.619087e-03
1.968711e-03
1.925949e-03
1.658735e-03
2.066224e-03
2.052501e-03
1.676016e-03
1.925995e-03
1.934984e-03
1.736073e-03
2.205940e-03
1.905861e-03
1.924080e-03
2.230090e-03
2.116684e-03
1.991946e-03
1.779775e-03
1.948866e-03
2.108364e-03
1.988458e-03
1.703200e-03
2.088597e-03
2.124924e-03
2.484076e-03
2.026971e-03
2.008454e-03
2.385169e-03
2.105708e-03
1.831714e-03
2.179256e-03
1.897947e-03
1.866118e-03
1.971700e-03
2.543999e-03
1.791297e-03
2.026241e-03
2.288101e-03
2.080161e-03
2.197743e-03
2.083599e-03
2.448790e-03
2.002896e-03
1.712322e-03
1.955150e-03
1.869088e-03
2.256683e-03
1.842497e-03
2.190022e-03
1.802509e-03
1.932856e-03
1.994184e-03
2.051420e-03
2.273217e-03
2.100084e-03
2.252664e-03
1.836364e-03
2.031943e-03
1.948877e-03
1.627573e-03
2.051642e-03
1.981842e-03
2.052662e-03
2.028506e-03
2.024879e-03
1.851008e-03
1.727317e-03
1.916540e-03
2.135976e-03
2.463413e-03
2.097315e-03
1.864266e-03
1.830488e-03
2.181545e-03
2.172272e-03
1.797343e-03
1.915737e-03
1.564451e-03
1.800759e-03
1.851859e-03
1.811284e-03
1.795754e-03
1.951516e-03
1.907905e-03
1.871876e-03
2.421460e-03
1.765287e-03
1.886818e-03
1.830245e-03
1.967784e-03
2.212352e-03
1.981335e-03
2.103667e-03
1.835879e-03
1.764300e-03
2.022490e-03
2.302723e-03
2.145016e-03
2.190727e-03
2.346550e-03
1.948709e-03
2.199005e-03
2.119921e-03
1.962052e-03
2.197928e-03
2.076394e-03
2.081503e-03
1.899397e-03
2.020415e-03
2.110987e-03
2.382550e-03
2.263018e-03
1.876486e-03
2.052463e-03
2.018548e-03
1.893675e-03
2.181978e-03
1.932574e-03
1.918406e-03
1.936490e-03
1.950055e-03
